100
20
30
15
90
89
17
37
18
90
100
23
45
16
13
20
30
10
28
78
45
12
34
67
90
12
34
56
85
95
76
45
7
8
9
23
45
67
2
3
89
56
7
5
7
3
8
5
6
7
8
34
56
78
45
23
45
63
45
78
9
5
4
23
45
67
7
89
30
4
39
49
60
0
2
5
8
9
3
67
9
0
98
00
45
67
8
45
67
78
89
34
56
78
78
98
12
14
15
78
90
78
68
56
46
56
89
0
98
56
76
84
65
89
23
4
5
78
34
6
7
8
90
56
56
76
67
56
57
23
54
65
34
5
67
23
45
34
23
45
45
67
34
56
23
45
67
45
