5.05515 
5.6158 
6.20901 
5.14436 
5.17479 
5.0435 
6.45177 
5.62672 
4.3956 
6.27219 
5.46873 
7.19237 
5.13213 
6.38938 
6.5035 
5.67684 
5.79704 
6.95893 
5.23799 
6.01729 
5.96866 
4.98443 
6.04306 
4.89292 
6.67433 
6.1203 
7.08075 
5.91136 
6.10104 
6.38129 
4.76589 
5.1376 
5.41423 
5.31702 
6.59438 
4.45766 
6.28876 
5.11094 
6.23339 
6.04998 
5.48724 
4.40548 
7.05847 
6.80087 
5.24727 
5.78291 
5.60569 
5.85433 
5.41982 
6.57296 
6.57164 
5.4316 
5.85456 
4.65578 
5.76904 
5.56238 
6.79571 
5.29311 
4.66387 
6.42377 
4.95657 
6.06648 
5.1523 
7.22121 
4.9119 
5.4258 
6.11644 
5.5326 
5.52739 
6.54063 
5.78176 
5.17778 
5.30199 
5.0993 
6.12063 
6.3286 
8.29193 
6.57454 
4.47171 
5.02289 
5.74242 
6.74183 
7.47815 
5.13759 
5.55288 
6.6181 
6.22717 
5.54986 
6.01133 
5.33958 
6.30999 
5.68709 
7.2259 
5.79738 
4.9988 
5.92533 
5.96877 
5.53038 
5.82578 
7.4091 
6.51578 
5.7519 
6.15137 
5.71035 
5.74527 
7.28667 
5.01192 
4.81139 
4.67675 
5.69592 
5.05932 
5.62287 
6.37717 
6.71253 
5.79605 
5.40158 
4.84016 
6.10153 
6.55679 
5.88004 
5.89764 
4.77616 
6.3715 
5.83581 
5.01325 
5.52551 
7.1568 
6.50718 
5.54131 
4.74306 
6.04347 
6.04182 
6.1491 
6.00553 
5.52212 
6.33511 
6.03403 
5.61542 
6.21658 
5.38318 
6.29718 
6.31945 
6.26293 
5.57725 
6.70946 
4.36754 
5.99424 
5.63714 
5.16947 
6.19222 
6.5045 
5.56322 
6.71398 
5.9837 
6.00886 
4.60455 
4.72224 
5.32597 
5.94398 
5.77142 
5.58803 
5.15612 
6.04397 
6.76482 
5.89959 
5.33602 
5.86633 
5.39246 
6.64872 
4.4909 
6.15802 
6.16551 
6.81398 
5.56978 
6.44198 
5.21659 
6.77853 
4.69425 
5.60905 
5.73312 
5.29733 
6.28932 
5.88816 
5.13453 
6.3887 
5.57302 
5.80053 
5.03951 
5.75609 
5.56834 
5.4447 
4.92209 
5.68788 
5.35717 
5.6021 
5.82333 
5.92578 
4.91758 
6.43802 
6.86019 
