6.66408
9.11469
6.9597
10.9979
9.36356
8.18838
10.0934
8.3609
11.4265
9.15409
7.53801
6.80465
9.90525
7.29438
8.79896
8.03973
9.9147
9.82691
11.3725
7.8958
9.61665
7.14244
6.39216
8.20214
7.36101
8.13319
6.99152
10.6165
8.83793
11.6537
6.41999
6.78128
10.5009
7.71856
8.7033
6.99371
6.54076
8.75218
6.96007
11.2183
7.24088
8.86705
8.09685
7.99307
8.74649
7.57114
7.9636
7.69809
8.82315
8.21767
8.97628
7.96911
8.88266
9.34095
8.74523
8.38857
8.54863
7.33753
8.95504
6.77502
7.78729
6.28288
6.96863
6.95383
7.70744
7.54714
8.56574
9.05793
8.28611
10.313
10.6142
6.88465
7.08648
7.9181
10.2408
10.0865
10.367
9.07359
9.82216
8.64137
8.2593
10.8404
8.15354
6.19097
6.96154
10.5291
10.3009
8.04536
6.64909
6.99627
7.34043
8.56702
9.98187
9.88803
8.2188
8.91339
7.53035
7.27376
8.16035
9.13906
7.18854
8.49428
8.07943
10.3789
9.29641
7.80044
7.2434
8.09636
9.18371
9.03974
7.76429
9.01844
8.97464
8.04409
11.4707
9.66923
9.20148
8.59411
8.66799
7.3522
10.4686
8.90399
8.55087
11.8186
10.9063
8.05552
7.66036
7.12418
6.675
7.26535
8.54114
10.4527
8.5744
7.84226
8.44353
8.05758
8.82484
10.5642
8.24368
10.8605
9.40926
9.22518
6.39136
8.59646
9.62432
9.14099
10.111
6.57043
9.48406
7.48498
8.57079
10.5656
6.96853
9.91912
9.29783
9.23402
7.90764
10.0403
9.32358
9.06338
10.3689
10.4577
7.74226
8.36211
7.46575
6.70998
11.7807
7.92637
8.26277
7.09077
8.13741
10.5765
11.1329
8.57855
7.28892
9.89039
8.17025
10.0674
8.16416
7.3514
10.0583
9.27237
10.1041
10.5316
6.69673
10.3902
7.57602
9.88891
11.7384
6.9311
7.69142
10.6487
7.43443
10.0245
11.8506
8.10727
7.76227
9.08904
10.7387
10.565
0
4
0
3
0
2
2
3
2
3
4
1
3
2
5
2
2
1
2
1
2
5
1
0
1
4
1
1
5
1
1
1
1
2
0
3
2
2
3
4
2
0
2
2
2
1
4
0
3
2
5
2
2
0
2
2
0
2
1
5
4
6
2
0
4
4
4
1
1
3
2
1
3
0
2
0
0
1
2
2
2
4
3
0
2
2
3
4
3
0
2
3
2
2
1
1
2
2
2
4
4
0
2
0
3
1
3
2
1
2
2
2
1
3
3
1
2
1
5
2
3
1
4
1
2
2
2
4
2
4
4
2
3
1
1
1
2
3
2
1
0
1
2
3
2
5
1
1
1
1
3
3
4
1
0
3
2
2
2
4
1
1
4
1
4
0
2
0
4
2
4
4
1
1
1
2
1
3
0
4
2
2
3
2
0
1
3
2
3
0
0
2
5
2
3
0
0
2
5
1
0
1
3
1
1
4
0
2
4
0
2
2
1
1
3
2
2
2
2
2
2
2
0
2
2
3
2
4
1
3
6
1
2
2
2
0
1
1
3
0
0
1
0
2
3
2
5
1
1
1
3
5
3
4
3
1
1
2
2
1
4
3
3
3
3
2
0
3
3
1
4
0
1
2
1
1
1
3
1
2
2
0
1
1
2
2
3
1
2
4
8
1
3
2
1
1
3
3
1
1
